Run semi-empirical minimization
 &qmmm
    qm_theory='AM1', grms_tol=0.0005,
 scfconv=1.d-10, ndiis_attempts=700,   qmcharge=1,
 /
   7     N       -0.2610        0.7460       -0.2880 
   7    N1       -1.9720       -0.5270       -0.0370 
   6     C        1.0010        1.2780       -0.7920 
   6    C1        2.2120        0.7400       -0.0320 
   6    C2        2.3320       -0.7820       -0.1130 
   6    C3       -0.8420       -0.3660       -0.7330 
   6    C4       -1.0160        1.3110        0.7020 
   6    C5       -2.1050        0.5020        0.8640 
   6    C6        3.5540       -1.2830        0.6410 
   6    C7       -2.9050       -1.6200       -0.2120 
   1     H        1.0770        1.0260       -1.8570 
   1    H1        0.9710        2.3710       -0.7220 
   1    H2        2.1390        1.0420        1.0200 
   1    H3        3.1190        1.2040       -0.4390 
   1    H4        1.4490       -1.2600        0.3220 
   1    H5        2.3960       -1.0970       -1.1600 
   1    H6       -0.4760       -1.0160       -1.5130 
   1    H7       -0.6710        2.2170        1.1610 
   1    H8       -2.9680        0.5130        1.5020 
   1    H9        3.5010       -1.0120        1.7000 
   1   H10        4.4730       -0.8590        0.2230 
   1   H11        3.6220       -2.3730        0.5720 
   1   H12       -2.5390       -2.3060       -0.9800 
   1   H13       -3.0090       -2.1600        0.7330 
   1   H14       -3.8740       -1.2190       -0.5190 

