Run semi-empirical minimization
 &qmmm
    qm_theory='AM1', grms_tol=0.0005,
 scfconv=1.d-10, ndiis_attempts=700,   qmcharge=-1,
 /
  16     S       -1.4920       -0.7820        0.0040 
  16    S1        1.4920       -0.7820        0.0040 
   9     F       -2.5410        1.2460       -1.2220 
   9    F1       -3.8350        0.2830        0.2470 
   9    F2       -2.1840        1.5460        0.9100 
   9    F3        3.8340        0.2840        0.2500 
   9    F4        2.5440        1.2440       -1.2240 
   9    F5        2.1820        1.5470        0.9080 
   8     O       -1.4590       -1.2830        1.3640 
   8    O1       -1.8650       -1.6350       -1.1070 
   8    O2        1.8650       -1.6350       -1.1070 
   8    O3        1.4590       -1.2830        1.3640 
   7     N        0.0000       -0.0050       -0.3590 
   6     C       -2.5510        0.6280       -0.0170 
   6    C1        2.5510        0.6280       -0.0170 

